-2.18 -2.27 1.87
-2.18 -0.16 -3.61 -0.15
-1.26 4.35 4.75 3.89 -2.43
-5.28 0.20 -0.84 5.30 1.42 2.51
-0.36 -4.11 -0.15 -0.42 -0.25 1.39 -4.75
-2.12 0.29 7.23 7.23 4.03 -4.14 -2.10 0.94
8.34 -5.64 -1.26 -4.84 8.17 -6.57 1.56 -3.10 5.56
3.14 6.88 2.78 -6.07 4.86 -8.43 6.11 0.30 -8.17 -0.60
6.47 9.22 0.45 8.53 5.25 -6.06 -8.80 8.42 -6.28 -8.47 -0.84
8.75 10.19 6.04 0.51 1.84 -1.22 -9.80 5.69 -9.10 -11.36 -10.51 -1.44
-11.35 -11.65 7.01 -10.83 2.30 -4.32 9.74 -4.24 9.41 10.14 -6.48 3.35 -11.41
-9.90 -6.34 3.12 4.18 12.52 12.51 13.63 5.00 0.65 -1.00 1.29 4.70 -4.67 -12.74
1.45 7.55 6.63 1.16 5.47 -8.88 1.77 8.43 -0.45 6.54 8.29 -3.45 12.43 -5.92 6.26
