1 2 -9 6 9 5 -10 10 -5 -7
16 -9 -19 -12 0 -4 -17 12 14 19 8 1 15 15 8 20 11 0 16 3
24 17 -1 0 -18 -13 -4 6 22 10 -14 7 29 27 25 12 26 1 -24 28 -15 -30 17 13 -26 -4 -28 18 26 2
-18 40 -40 27 -27 8 33 27 12 -34 32 20 -1 1 -7 -10 -28 -9 4 35 -2 -11 -8 -3 31 11 10 -39 -22 -36 0 2 -23 23 32 -1 30 -33 4 -5
2 -26 -18 43 -7 6 -38 47 -29 44 -11 25 35 8 -35 26 -48 15 -49 19 12 -24 -22 17 -5 46 -28 36 12 -9 -40 -39 -34 32 -15 -25 36 30 -36 -6 -11 -1 46 -4 -40 8 4 23 26 37
24 -58 -1 48 56 -16 -8 1 -35 20 -53 30 36 -21 16 -35 42 -57 -15 -36 -3 -26 -42 40 -21 10 -53 46 -15 -3 57 52 60 -34 -6 35 -11 -22 -36 -8 49 -46 -45 12 34 40 -3 -24 -33 38 24 22 -48 -5 -4 -56 -30 -2 -17 -47
-64 63 49 10 -27 -41 13 -63 61 42 -59 69 -33 33 -60 -64 17 67 28 -61 -61 18 -58 43 -13 11 49 20 34 -35 39 51 30 3 43 -11 -29 5 -56 -41 52 1 -37 33 -43 -54 40 -56 -6 -25 44 -26 -42 -41 -6 -37 -48 10 -61 17 58 23 42 -20 38 32 56 19 7 -55
47 -67 -38 -18 -67 55 -8 23 -50 -10 -35 8 -5 -71 70 12 53 -68 71 39 -46 69 -55 -57 -60 54 -24 -36 23 60 -14 69 -2 38 -57 36 14 18 50 42 47 38 -43 -67 77 -44 -66 17 -40 43 32 -21 -78 -13 -30 -50 -41 -17 -24 -74 -41 46 -14 -26 27 59 30 21 -14 29 -9 -51 -11 40 -30 21 -71 66 -65 43
73 1 49 28 3 -2 76 -12 63 -47 50 -7 -77 -42 15 11 -54 -13 -48 -38 -88 -9 -5 18 -30 54 25 -2 -57 42 89 3 -53 19 54 -86 -86 85 -39 -45 51 82 59 88 -27 49 -59 -81 -36 -24 -9 22 -45 40 58 -39 10 -19 84 -85 -3 57 -77 -36 -60 56 87 71 58 48 72 14 -72 7 -73 -90 30 -87 81 -86 29 61 11 -85 30 2 78 -3 -24 9
31 76 13 -10 85 -18 -46 43 81 0 -49 -66 -30 74 24 88 -73 91 -35 14 91 -24 -56 98 29 -69 53 -77 -7 8 85 -95 61 -72 0 72 -44 -57 1 48 68 -41 39 -69 -67 20 -91 -50 -70 -47 -59 57 0 -65 -96 -4 19 -20 -59 -86 99 80 0 80 -79 64 -78 3 -51 -99 76 -49 9 16 99 -84 -11 60 -59 -30 -40 -70 -3 -54 40 -86 46 1 52 41 -61 -49 -98 -61 80 30 94 -73 69 -97
-39 77 -42 42 -13 71 57 87 -37 67 -31 39 84 -10 -66 62 -100 39 -77 -47 56 89 71 47 -80 -92 9 -16 88 -14 20 -74 67 38 11 61 110 83 49 -92 -69 -40 6 66 -84 -8 -24 -29 -4 -51 -98 -20 66 51 57 -108 -56 41 10 -52 -19 -76 -31 52 28 86 18 -71 69 -53 -84 -95 98 -4 -99 14 -72 -46 -14 -59 70 82 -24 -25 34 -52 -103 109 63 -36 -65 43 78 11 51 83 50 20 91 -20 -8 -20 -77 -18 15 39 -10 8 11 34
71 -109 93 105 63 82 44 -18 -102 35 -33 -26 40 -58 -107 -105 84 14 111 22 104 32 43 -44 -38 40 -42 92 -74 12 -39 -32 -114 -71 28 104 87 -100 -90 81 9 -75 -108 -99 -56 56 115 -48 45 52 104 74 7 -29 -17 -92 -8 10 -108 9 3 -18 12 113 77 -45 98 -109 60 13 54 12 48 31 -54 74 19 -31 90 -3 -116 -74 73 61 58 -58 94 51 17 -25 -114 59 -22 31 -98 17 106 -104 2 -113 63 -17 26 85 -94 -95 106 63 0 41 -42 94 -23 -92 -40 -113 -110 118 -34 46
2 -8 -97 -103 -91 73 105 12 -56 89 115 99 58 -4 -24 -99 93 -81 53 81 -42 15 -62 -101 15 8 107 -116 -72 -27 -107 98 70 110 51 -39 34 112 37 129 89 55 75 38 -122 -85 -54 -53 109 -84 -24 96 -36 -20 62 -130 72 -19 115 -31 54 -53 89 77 -86 117 12 32 8 31 -89 -65 -13 100 8 -16 23 -3 -14 -21 -72 -8 -90 24 80 100 -28 -73 46 -25 -90 81 -22 71 28 -104 -32 -2 -92 -71 -98 16 32 -90 -44 38 -74 44 -99 -4 2 120 21 17 25 74 83 -119 77 105 -69 78 -64 83 89 -69 71 3 50 51
-106 135 -100 -65 -40 86 -63 -41 -25 110 -26 -130 -127 89 53 -54 92 0 -6 -102 88 -105 126 -133 118 87 97 -21 -97 124 39 -64 -95 -64 89 -120 -78 27 -6 134 64 21 93 -47 -47 21 60 82 -100 -15 -48 77 -50 -105 99 51 67 -69 -116 13 124 24 -44 -25 -33 8 81 -118 36 53 -42 61 2 124 -41 74 119 -45 80 42 -35 -122 -11 123 129 2 114 -102 -93 -36 73 -133 -126 -85 -92 102 113 79 -15 97 132 -124 123 -13 -17 -27 -85 60 -33 -93 -23 12 -112 29 -64 -54 41 84 -128 -123 -123 -11 19 -51 -49 70 117 116 -35 -138 -94 135 67 -134 74 74 105 136 -43 110
66 -43 -83 -67 -66 9 -145 -29 103 89 129 -109 -18 -123 129 38 -28 138 27 -123 -121 -48 0 2 82 121 147 -126 -51 -78 -1 9 2 -10 -122 89 23 -81 31 41 -102 -83 31 0 -145 10 116 -9 135 -79 -35 -75 38 25 80 7 73 82 -26 120 -2 62 -140 89 102 -43 -3 -22 63 4 17 -77 20 28 12 145 -42 86 -76 7 43 67 52 140 135 57 -68 142 124 138 93 145 150 150 124 -87 -24 -139 8 33 -39 -28 123 102 7 135 135 21 -84 61 25 -73 -63 10 72 132 18 -110 7 -148 -16 79 -128 148 35 59 -25 1 82 26 118 141 81 -99 59 -87 79 62 52 -114 127 100 99 -150 -93 124 30 -75 148 100
114 153 -132 -154 5 -41 125 -103 29 -56 -21 109 -131 -125 -119 103 -108 -8 -156 62 75 -92 -52 158 32 156 -71 -107 156 127 -36 117 101 40 158 -68 -36 5 -47 -131 140 -9 -83 97 128 4 -32 9 120 61 -141 98 14 67 2 62 24 134 104 43 69 -51 -7 -97 135 119 61 -146 -85 -70 141 91 97 121 -95 98 77 -107 -50 -99 -41 95 160 -92 9 -34 -155 159 151 -143 -42 59 -133 -90 69 137 -107 75 -112 47 125 -68 -110 65 122 147 21 -99 -121 55 50 35 -90 12 138 21 -117 -10 134 120 138 145 -45 -114 11 -50 28 59 -27 -26 -158 -30 -88 93 156 158 65 -109 140 77 -97 -16 46 -129 -52 -107 -24 -103 50 92 -146 -76 -134 -34 -151 109 -20 53 -126 -109
96 37 -153 -82 -89 -80 170 137 163 -90 44 -109 -43 83 116 45 138 116 -101 55 5 59 -16 34 117 -33 75 38 0 -68 102 104 -31 169 -92 -9 -9 96 17 -47 108 77 115 45 -118 -18 -8 -107 46 26 -157 -78 -27 -88 133 -40 -111 -61 69 -163 136 127 87 -161 153 65 157 46 141 16 45 -1 -118 6 108 96 -43 4 -143 105 20 156 14 30 159 -133 125 161 19 127 -121 159 40 138 16 -161 4 -121 56 19 7 72 31 -81 -108 -10 7 -145 -45 -153 37 164 -135 -135 -125 116 160 78 -93 96 154 -31 -129 -37 38 110 170 80 7 -57 -17 -19 4 -36 -53 -109 92 127 94 -73 26 156 148 -30 82 -56 115 -13 -8 -4 -86 132 -78 -133 -46 88 139 -71 -70 63 126 61 -154 -165 168 85 -8 142 -47 60
-21 -171 -125 -28 -93 27 64 -55 21 2 -171 94 31 -92 -133 -178 -40 -49 -115 -27 20 -140 175 43 -178 -101 65 -77 -13 -135 153 180 -176 -87 144 -85 88 44 -171 -130 61 -124 28 -163 131 -86 47 134 -100 162 -113 -128 -127 -136 61 118 45 -23 -14 10 -152 -49 -123 -153 15 -152 -150 43 -120 154 4 36 93 100 -109 -10 -6 -21 75 -153 132 171 -175 114 -86 -140 -122 169 -86 159 -153 -111 99 -49 101 -62 158 155 -51 137 27 105 17 86 -102 52 176 -79 -148 82 -116 124 -14 97 149 -56 76 -140 -42 -69 -158 -126 -40 168 -171 -28 165 -152 14 149 -7 -152 -51 69 -83 -52 -58 57 103 92 117 19 -12 178 123 61 139 99 -111 -153 41 -114 33 13 179 -135 -139 174 -131 146 26 91 -55 -40 -8 10 -143 111 -11 85 -59 144 41 -34 114 -127 140 120 -20 123
-55 -48 -133 -152 -156 135 -153 179 20 165 -55 51 -80 -107 -2 128 -129 -43 -169 179 181 121 -94 -177 -32 -132 -11 -103 -62 100 -151 120 16 -53 -86 69 -119 -123 25 163 -86 15 -142 119 -170 55 -182 -52 99 -55 -171 -89 86 -45 -71 -112 122 65 147 -66 -126 23 -119 -62 64 19 -19 -25 -150 -161 95 -33 -35 116 95 -121 -21 183 -99 84 36 -113 24 -78 102 132 -150 166 -186 -81 -31 119 37 24 -143 -13 41 165 54 -51 165 0 -23 171 -105 -185 167 -4 152 -93 -129 117 65 126 -146 48 -44 10 -138 -152 71 -137 173 51 -187 156 34 55 -50 -179 -5 -74 116 -178 -57 -62 -166 -174 130 -123 40 -8 -5 -146 -158 -57 -158 129 -148 28 149 -93 1 93 67 67 42 -104 -49 -11 119 22 -180 -121 -127 93 179 80 -3 -59 1 71 -24 -175 -114 87 51 -98 -75 23 59 -60 0 37 -33 144 141 141 -57 54
83 43 -196 -179 0 80 104 -38 -60 179 -68 -32 -59 77 147 92 31 -71 158 8 -157 -9 -95 38 -73 57 -168 -125 12 -102 167 -54 92 -52 -7 47 -184 -178 -65 -75 63 40 -52 -142 94 197 -146 -130 -42 -103 68 26 82 -121 -47 -87 -53 -110 -126 179 -14 129 106 -120 -41 147 -147 -122 79 -89 16 97 -185 -168 -32 156 9 -37 116 41 -27 -131 -57 151 91 -84 47 -72 -64 -28 42 31 69 131 -57 -11 -72 -198 110 171 46 -86 116 171 -133 167 175 -59 -47 14 -153 -109 153 -52 98 200 143 -55 188 11 -150 -149 -185 100 193 8 179 182 -86 -48 -148 77 169 148 -117 -72 19 180 -200 144 -81 185 197 130 -33 -22 -30 -111 -91 -188 -189 145 186 123 -19 -71 1 -49 176 46 49 -63 111 21 103 -134 140 -194 183 192 -149 137 35 101 127 -10 -198 72 -8 123 -145 -107 82 127 164 165 13 -28 180 192 -189 129 -98 181 147 171 120 -89 -97 -134
-194 151 -12 102 141 101 199 19 110 198 15 -169 -109 10 147 -11 53 -207 -32 -199 101 -87 -186 -29 154 62 21 -196 -59 19 116 -28 -209 21 -174 71 63 -151 -207 105 -93 -90 -47 181 164 -39 -26 -92 25 48 -131 -161 -69 -76 -51 187 171 -89 101 156 -165 13 82 -77 180 -137 12 -160 129 126 -84 127 79 7 -202 -65 -4 -109 155 -9 -100 34 90 -40 -141 -203 58 67 166 182 -132 42 -197 -47 -48 -11 -2 -69 110 137 51 126 6 -111 -161 -147 -42 167 193 -143 1 108 162 193 145 11 -70 -120 172 -95 20 141 -168 -117 180 154 -170 -195 165 -57 -25 101 -21 -144 150 -51 -149 193 -109 78 51 88 -188 -109 165 209 73 -6 43 21 91 98 151 -112 -75 59 -64 -17 -122 -94 143 179 -101 -181 79 166 68 8 180 -203 -135 147 96 117 23 82 -38 139 -182 45 127 191 3 -7 35 100 59 51 -170 52 61 -30 -2 -50 -54 94 -74 -91 -207 -189 85 -210 -173 -24 198 16 81 -46 139 205
-88 -24 -69 14 -5 -174 -76 181 -174 24 -156 -64 -165 -157 -214 -26 82 208 -188 -179 -148 -108 130 210 -52 160 103 21 154 -136 172 60 56 109 -205 -21 -112 -2 -185 -196 -194 46 59 88 -213 93 177 -73 65 153 136 -82 158 -189 138 -123 -135 -98 -192 -194 -123 93 26 19 -173 197 -193 121 149 196 62 102 176 95 181 28 131 172 -2 48 64 -107 -75 -198 -64 -60 -7 -215 60 135 -29 -120 -154 -204 49 -25 -118 -90 90 -125 -44 85 -53 -138 96 -42 -62 100 71 -48 158 -69 -199 -98 -30 -9 77 25 -33 -105 137 -130 -176 -118 -190 110 22 -10 -170 186 -84 79 64 -116 -152 121 -36 152 105 208 25 -101 62 -167 66 -17 -56 115 -130 162 -5 65 -30 -168 166 194 158 11 189 -83 -95 -135 -37 -29 169 199 33 65 -1 -91 -210 -47 -90 -170 12 103 -71 -8 202 88 66 -73 -119 108 -54 -179 218 -163 -100 146 190 46 163 213 -94 103 -33 127 187 -27 183 2 69 106 204 -65 -53 2 68 -99 -198 -153 -31 -21 -152 33 73 -198 -183 144
143 60 213 -158 -113 125 159 202 -37 -163 -30 36 73 -183 155 205 -205 -119 -215 -216 85 -196 -46 -213 -217 187 -81 -190 153 -195 146 86 45 -162 139 94 160 -194 -107 -38 16 -37 184 146 15 22 176 -49 -226 -51 -129 88 -124 117 -193 93 15 125 -52 -72 -209 -223 158 -9 -83 -178 -32 -218 230 128 98 -175 -144 126 -22 218 -85 -30 11 65 56 121 -15 192 23 59 112 -67 38 32 12 -106 35 91 128 -96 52 -36 41 150 -33 179 -53 207 -177 -44 171 115 -50 -88 2 151 -97 143 -190 159 115 191 -227 -107 -142 88 -53 -25 -229 65 92 203 58 -216 -198 -174 -63 -13 120 145 -13 160 -91 -53 -141 146 -105 -104 96 -92 -224 -75 -45 -134 -101 7 -124 205 -157 -4 -187 -137 -147 -4 108 154 -101 208 -125 201 -170 -104 156 -187 170 30 -229 -206 -114 -181 -229 -186 -175 32 197 36 201 -61 -38 -23 -153 44 -137 93 -92 -97 222 -164 164 -175 24 -54 213 174 111 98 -199 -171 -204 -100 -67 11 149 101 129 140 -46 -177 -88 24 -132 -24 -82 185 86 -200 101 89 -229 -178 150 86 163 17
-213 -123 -204 225 -131 -84 -193 67 -78 -128 -131 -133 -174 61 196 -118 -28 -128 -117 -239 208 -36 -74 -67 -153 46 -59 29 45 134 -185 39 84 168 -101 31 -96 21 -44 -176 -16 -163 102 -71 -108 -8 202 -137 133 -134 159 -138 236 -83 -14 167 20 -199 199 -66 -82 -91 44 196 117 -49 229 -111 -232 -125 -22 47 28 219 -53 -38 81 150 -60 -24 193 32 96 88 6 105 132 195 -90 -30 -16 -194 -214 169 -101 30 -195 117 -112 110 -142 130 123 39 -121 67 -203 97 91 -88 -229 -35 121 -231 186 -37 -210 -215 51 -239 220 169 165 -235 -9 -100 -226 205 62 11 208 66 68 -110 -11 117 208 -220 39 48 -152 -6 -128 24 -11 213 -150 -139 -180 -75 -238 83 57 52 29 137 -158 -114 209 -220 43 142 -227 -218 86 203 52 140 221 -201 5 -79 -168 -160 -217 -181 -172 112 36 -73 -76 -50 197 -16 -75 -164 219 226 58 -82 196 -126 -123 -179 116 41 147 -91 200 -183 120 41 -160 -71 -214 -3 80 -125 -225 131 195 49 -105 239 -232 72 0 -25 -230 -103 -191 220 -102 229 -81 -89 216 52 68 111 -125 215 161 -11 -138 106 224 187 -85 -5
165 -58 -135 -51 -28 188 -66 -132 -3 220 61 84 105 233 173 92 182 -163 -77 -117 -126 -146 66 -160 -145 128 -17 -158 -72 -86 182 89 -111 43 107 -218 150 5 196 181 -11 -71 -145 -47 -243 199 84 231 146 101 166 100 -21 29 241 -180 -23 -47 -104 -5 -172 -37 -66 72 -186 9 -169 -93 146 -20 208 198 -245 -44 -234 -51 216 -12 -229 -24 -198 -8 -16 93 -214 -98 -161 -171 -63 -40 62 14 235 -118 -70 -33 -114 65 143 -88 -24 241 186 -51 100 119 107 -128 61 77 -77 144 -64 48 -102 -58 36 141 -193 -63 -42 -105 186 81 72 68 141 238 -138 174 85 245 -215 150 -26 -13 -220 184 -107 -34 -128 -68 -180 -192 54 8 39 231 -14 203 117 176 120 110 -90 175 109 -72 -184 143 -26 -62 -117 128 15 168 150 -198 -180 159 -85 199 -179 -56 -192 -94 -101 -89 0 -54 178 -172 203 116 -201 -199 236 -224 -51 -248 -148 11 -105 -116 -163 43 235 -118 -8 58 201 -8 222 -230 245 44 -191 41 -14 238 204 -249 -134 -221 -138 128 -236 -182 161 -140 -190 164 -228 -59 -152 -108 -42 233 6 -103 -123 43 141 189 -88 -221 -193 -54 158 -235 -177 -91 79 218 -60 -113 214 -220 232 223
